23.896809232858114
23.896809232858114
23.49609014223262
23.49609014223262
24.110844425049095
24.110844425049095
23.893586815628666
23.893586815628666
24.06930397765787
24.06930397765787
23.84726491611422
23.84726491611422
24.023581429624173
24.023581429624173
23.9884012126005
23.9884012126005
24.076877207467547
24.076877207467547
23.75384305226551
23.75384305226551
23.876792928608225
23.876792928608225
23.933160826279547
23.933160826279547
23.66699770555803
23.66699770555803
23.975307695257083
23.975307695257083
24.034055475719203
24.034055475719203
23.933732816355306
23.933732816355306
23.90352948584742
23.90352948584742
23.96995931991238
23.96995931991238
23.882215775060327
23.882215775060327
23.925468147390923
23.925468147390923
23.317283065259705
23.317283065259705
23.699258069089364
23.699258069089364
23.789684192983916
23.789684192983916
23.534990854278163
23.534990854278163
24.023209782814998
24.023209782814998
22.74842024859385
22.74842024859385
23.570275426838215
23.570275426838215
23.671785696535956
23.671785696535956
23.776470269244328
23.776470269244328
23.818695955083808
23.818695955083808
23.636139731538115
23.636139731538115
23.950233281493002
23.950233281493002
23.825798261888487
23.825798261888487
23.794106798901684
23.794106798901684
24.05208932587208
24.05208932587208
24.05548163380509
24.05548163380509
24.036513970200605
24.036513970200605
23.816149529242615
23.816149529242615
23.96369619446951
23.96369619446951
23.987202857036568
23.987202857036568
23.766023279799615
23.766023279799615
23.9379969679156
23.9379969679156
23.883901614266737
23.883901614266737
23.819075026888754
23.819075026888754
