9.60135641339064
9.60135641339064
9.594545634201772
9.594545634201772
9.600107715093577
9.600107715093577
9.579686825477808
9.579686825477808
9.583057958104652
9.583057958104652
9.580336118189736
9.580336118189736
9.599798278160009
9.599798278160009
9.584018937097659
9.584018937097659
9.595726796995743
9.595726796995743
9.584028570592196
9.584028570592196
9.579686825477808
9.579686825477808
9.596143605840643
9.596143605840643
9.597588040701813
9.597588040701813
9.595908616802934
9.595908616802934
9.584222147374724
9.584222147374724
9.598250709833229
9.598250709833229
9.582925896007822
9.582925896007822
9.595726796995743
9.595726796995743
9.595726796995743
9.595726796995743
9.595726796995743
9.595726796995743
9.626970901166517
9.626970901166517
9.577654177617505
9.577654177617505
9.629355990641548
9.629355990641548
9.585423818325852
9.585423818325852
9.598330725091289
9.598330725091289
9.584946674818287
9.584946674818287
9.568297315332888
9.568297315332888
9.602630236381158
9.602630236381158
9.58416957149396
9.58416957149396
9.596548919769457
9.596548919769457
9.5829456737187
9.5829456737187
9.582770964145297
9.582770964145297
9.58276293077793
9.58276293077793
9.596053959119615
9.596053959119615
9.602441369507964
9.602441369507964
9.583008705667153
9.583008705667153
9.600290367950636
9.600290367950636
9.603086517625918
9.603086517625918
9.580447812179745
9.580447812179745
9.579819220150524
9.579819220150524
9.574687512891382
9.574687512891382
9.59713452235885
9.59713452235885
9.593532282701837
9.593532282701837
9.584176698270658
9.584176698270658
9.58416957149396
9.58416957149396
9.595726796995743
9.595726796995743
9.5964056679851
9.5964056679851
9.593148986476745
9.593148986476745
9.585059225346996
9.585059225346996
9.582894556110068
9.582894556110068
9.595726796995743
9.595726796995743
9.59580788358199
9.59580788358199
9.582863585118377
9.582863585118377
9.59713452235885
9.59713452235885
9.58046915939706
9.58046915939706
9.58428177788427
9.58428177788427
9.597774429117885
9.597774429117885
9.600542148262491
9.600542148262491
9.579787031029351
9.579787031029351
9.582903991756641
9.582903991756641
9.603086517625918
9.603086517625918
9.597908229967157
9.597908229967157
9.58289932521172
9.58289932521172
9.575125872272768
9.575125872272768
9.582852266452488
9.582852266452488
9.584129218189739
9.584129218189739
9.599359728826325
9.599359728826325
9.831613253666486
9.831613253666486
9.565871076865252
9.565871076865252
9.67582281613462
9.67582281613462
9.583018929825137
9.583018929825137
9.58293799760736
9.58293799760736
9.584300313505151
9.584300313505151
9.584565115917226
9.584565115917226
9.609801005594505
9.609801005594505
9.595726796995743
9.595726796995743
9.595726796995743
9.595726796995743
9.60011833736009
9.60011833736009
9.582992058687369
9.582992058687369
9.600858862773666
9.600858862773666
