28.74058127018299
28.74058127018299
31.814161900831316
31.814161900831316
31.346763916379704
31.346763916379704
28.417071853052406
28.417071853052406
32.0381768390228
32.0381768390228
29.08319848222756
29.08319848222756
29.468484018808404
29.468484018808404
29.198966408268735
29.198966408268735
29.477655936799906
29.477655936799906
31.284401182180527
31.284401182180527
28.82472744698694
28.82472744698694
29.58429452473989
29.58429452473989
29.327806503995557
29.327806503995557
30.896667660855183
30.896667660855183
30.79092215503918
30.79092215503918
29.477576562055564
29.477576562055564
31.63417477834115
31.63417477834115
31.10815867248719
31.10815867248719
30.60383395244164
30.60383395244164
30.915647623437543
30.915647623437543
27.621410170785232
27.621410170785232
27.958810378700633
27.958810378700633
32.0435996854749
32.0435996854749
27.51797693161527
27.51797693161527
29.582919880925708
29.582919880925708
26.334741361401566
26.334741361401566
31.20848133185109
31.20848133185109
30.25134893305496
30.25134893305496
29.41351915620509
29.41351915620509
29.977495187223774
29.977495187223774
29.699487294637176
29.699487294637176
29.87551867219917
29.87551867219917
28.362245234483215
28.362245234483215
29.524687508473196
29.524687508473196
29.281538908005473
29.281538908005473
31.259998373146065
31.259998373146065
29.631858213445657
29.631858213445657
28.735814617887467
28.735814617887467
29.05803810730471
29.05803810730471
31.286076159627925
31.286076159627925
29.888018220764078
29.888018220764078
29.47588189040427
29.47588189040427
29.58705024267238
29.58705024267238
28.662763550159838
28.662763550159838
29.26003356791614
29.26003356791614
27.80867083312829
27.80867083312829
31.17052140668637
31.17052140668637
28.93145570390812
28.93145570390812
28.847097919262865
28.847097919262865
27.560777451409287
27.560777451409287
31.045795938288006
31.045795938288006
30.576719720181124
30.576719720181124
31.265421219598167
31.265421219598167
29.8035232998711
29.8035232998711
29.63196767880816
29.63196767880816
31.165098560234267
31.165098560234267
30.739405113744205
30.739405113744205
29.496620218269705
29.496620218269705
29.06482835457141
29.06482835457141
31.62875193188905
31.62875193188905
28.321660446807424
28.321660446807424
28.093398724013714
28.093398724013714
29.39893460844763
29.39893460844763
28.447510415955197
28.447510415955197
28.59479645689948
28.59479645689948
27.708170972963252
27.708170972963252
28.054419945043897
28.054419945043897
30.661114003123373
30.661114003123373
29.681615884970903
29.681615884970903
30.02427839223091
30.02427839223091
29.81480979366069
29.81480979366069
27.712914547668504
27.712914547668504
28.386395543680088
28.386395543680088
29.313729121143663
29.313729121143663
28.548137619664733
28.548137619664733
30.953607548602264
30.953607548602264
28.93088582196795
28.93088582196795
28.585691793709916
28.585691793709916
29.09405988254549
29.09405988254549
27.947520832102125
27.947520832102125
