22.951539914766485
22.951539914766485
22.90610341368184
22.90610341368184
22.86058658095621
22.86058658095621
22.91378179432986
22.91378179432986
22.89156626506024
22.89156626506024
22.802503744095848
22.802503744095848
22.906393379357663
22.906393379357663
22.911998594086374
22.911998594086374
22.935929069168406
22.935929069168406
22.943030948892147
22.943030948892147
22.881700604647378
22.881700604647378
22.90965570799896
22.90965570799896
22.82523781076237
22.82523781076237
22.935929069168406
22.935929069168406
22.880310900190576
22.880310900190576
22.804215905461515
22.804215905461515
22.886680629205472
22.886680629205472
22.891327601917517
22.891327601917517
22.900680567229738
22.900680567229738
22.843649018145662
22.843649018145662
23.153803442531924
23.153803442531924
22.83027142926758
22.83027142926758
22.919960846321814
22.919960846321814
22.896605388580877
22.896605388580877
22.870788007429027
22.870788007429027
22.384001403385668
22.384001403385668
22.69419942278769
22.69419942278769
22.89796914400369
22.89796914400369
22.87290595097842
22.87290595097842
22.835606409804505
22.835606409804505
22.92633610587749
22.92633610587749
22.918753876246363
22.918753876246363
22.867368196143367
22.867368196143367
22.888791030114156
22.888791030114156
22.925289947133315
22.925289947133315
22.941805407056666
22.941805407056666
22.932315885696116
22.932315885696116
22.929774925045397
22.929774925045397
22.91716173185685
22.91716173185685
22.933414741698044
22.933414741698044
22.823386238020387
22.823386238020387
22.843807940668757
22.843807940668757
22.875073273335403
22.875073273335403
22.770824880621703
22.770824880621703
22.84661446338093
22.84661446338093
22.85326001074555
22.85326001074555
22.889834874325533
22.889834874325533
22.830183563352406
22.830183563352406
22.744462452728257
22.744462452728257
22.90610341368184
22.90610341368184
22.911301122900998
22.911301122900998
22.92237195303815
22.92237195303815
22.943901655887345
22.943901655887345
22.916949106586046
22.916949106586046
22.87339545675686
22.87339545675686
22.860009218838968
22.860009218838968
22.89320456051044
22.89320456051044
22.920255732935185
22.920255732935185
22.930506222716303
22.930506222716303
22.916410948815518
22.916410948815518
22.910979069642952
22.910979069642952
22.87742868075337
22.87742868075337
22.86654416477928
22.86654416477928
22.928295405753545
22.928295405753545
22.911448357153382
22.911448357153382
22.88095134759776
22.88095134759776
22.851938062949095
22.851938062949095
23.302552960347636
23.302552960347636
22.971163288992056
22.971163288992056
22.994773915019316
22.994773915019316
22.914182235766972
22.914182235766972
22.879197523608006
22.879197523608006
22.899395025767422
22.899395025767422
22.931603505178106
22.931603505178106
22.898568839447535
22.898568839447535
22.916949106586046
22.916949106586046
22.851529419735105
22.851529419735105
22.77734505396684
22.77734505396684
22.90610341368184
22.90610341368184
22.861171449258794
22.861171449258794
