4.169868346908458
4.169868346908458
4.166505921839436
4.166505921839436
4.17333815402097
4.17333815402097
4.171759788651867
4.171759788651867
4.166526662410537
4.166526662410537
4.169005650986116
4.169005650986116
4.169138879000039
4.169138879000039
4.168795340758148
4.168795340758148
4.167481355269406
4.167481355269406
4.167867880235574
4.167867880235574
4.167779855730697
4.167779855730697
4.1665408653120375
4.1665408653120375
4.17056217226942
4.17056217226942
4.170882151365817
4.170882151365817
4.1713194769640864
4.1713194769640864
4.168398880297109
4.168398880297109
4.17041586792379
4.17041586792379
4.170336069998012
4.170336069998012
4.170168921666983
4.170168921666983
4.1704876201108405
4.1704876201108405
4.180200536647366
4.180200536647366
4.169548463590554
4.169548463590554
4.181184668989547
4.181184668989547
4.166253347882154
4.166253347882154
4.173517136714304
4.173517136714304
4.166243267960573
4.166243267960573
4.170844194906757
4.170844194906757
4.175365344467641
4.175365344467641
4.166496466647604
4.166496466647604
4.170064891315911
4.170064891315911
4.170451403972987
4.170451403972987
4.16971827547483
4.16971827547483
4.176502633012529
4.176502633012529
4.171282693511873
4.171282693511873
4.171391943198067
4.171391943198067
4.172945403964298
4.172945403964298
4.1708919359816585
4.1708919359816585
4.174039290413321
4.174039290413321
4.175042523581259
4.175042523581259
4.170346760877078
4.170346760877078
4.177082493347311
4.177082493347311
4.171886062850607
4.171886062850607
4.170168921666983
4.170168921666983
4.172537611926731
4.172537611926731
4.167999634385997
4.167999634385997
4.170094059582991
4.170094059582991
4.1674868535755465
4.1674868535755465
4.167552625983415
4.167552625983415
4.168374216966219
4.168374216966219
4.168458473094234
4.168458473094234
4.171665183235943
4.171665183235943
4.167957170036725
4.167957170036725
4.172176954908067
4.172176954908067
4.169868346908458
4.169868346908458
4.172511780151793
4.172511780151793
4.1701233338864006
4.1701233338864006
4.166505921839436
4.166505921839436
4.172461752433936
4.172461752433936
4.169823128355456
4.169823128355456
4.172831076211069
4.172831076211069
4.166403636134083
4.166403636134083
4.169392224339466
4.169392224339466
4.175686055443055
4.175686055443055
4.171881518564873
4.171881518564873
4.172537611926731
4.172537611926731
4.172292147554549
4.172292147554549
4.17494017616211
4.17494017616211
4.1836141778036025
4.1836141778036025
4.175893704523885
4.175893704523885
4.187139500106815
4.187139500106815
4.174463797322585
4.174463797322585
4.17144853051245
4.17144853051245
4.166518286385813
4.166518286385813
4.175836578071214
4.175836578071214
4.166272133320708
4.166272133320708
4.170168921666983
4.170168921666983
4.172316678835924
4.172316678835924
4.168110489579724
4.168110489579724
4.175255007663443
4.175255007663443
4.174203422846807
4.174203422846807
