28.323305005892934
28.323305005892934
28.673300615493076
28.673300615493076
28.933597245194004
28.933597245194004
27.903048728992484
27.903048728992484
28.974268593584775
28.974268593584775
27.522935779816514
27.522935779816514
28.672432295940915
28.672432295940915
27.465599473713066
27.465599473713066
28.57869410429952
28.57869410429952
29.0230742116537
29.0230742116537
27.519082428011792
27.519082428011792
28.700414847753585
28.700414847753585
27.183027183027182
27.183027183027182
28.314159506820058
28.314159506820058
28.67058919226702
28.67058919226702
27.759550988313762
27.759550988313762
28.543152300642603
28.543152300642603
28.08763319866598
28.08763319866598
28.101190314796238
28.101190314796238
27.66434384289265
27.66434384289265
26.86283815851922
26.86283815851922
27.30393734577835
27.30393734577835
28.50375337074557
28.50375337074557
26.087254297650848
26.087254297650848
28.111335605078253
28.111335605078253
24.84677363817919
24.84677363817919
27.64273600904466
27.64273600904466
26.496027764973835
26.496027764973835
27.784056911109634
27.784056911109634
26.80455888560574
26.80455888560574
27.60037100834769
27.60037100834769
27.777440689278563
27.777440689278563
27.778265064468027
27.778265064468027
26.68806904899742
26.68806904899742
28.732951926466203
28.732951926466203
27.9574227884848
27.9574227884848
28.285724789529798
28.285724789529798
28.291883970518512
28.291883970518512
28.163018963819447
28.163018963819447
28.589246495485483
28.589246495485483
27.785067797180446
27.785067797180446
27.598145648729535
27.598145648729535
27.55138720956831
27.55138720956831
27.704165584134405
27.704165584134405
26.98068036300874
26.98068036300874
27.68967111884878
27.68967111884878
27.84089368509531
27.84089368509531
27.660517072244552
27.660517072244552
27.218156401611708
27.218156401611708
28.187919463087248
28.187919463087248
28.67852325836705
28.67852325836705
28.6326292671023
28.6326292671023
27.928091519883786
27.928091519883786
28.196815791369502
28.196815791369502
28.892925896803234
28.892925896803234
27.970998074090858
27.970998074090858
27.97976866630737
27.97976866630737
28.32840620299777
28.32840620299777
28.80887177679564
28.80887177679564
28.018013878038694
28.018013878038694
28.21235866706434
28.21235866706434
27.57291382734317
27.57291382734317
27.59036836963393
27.59036836963393
27.570465908267515
27.570465908267515
27.567299649948886
27.567299649948886
28.90377158970744
28.90377158970744
27.527468475776125
27.527468475776125
28.63986669443866
28.63986669443866
28.071636817992502
28.071636817992502
28.612878027005916
28.612878027005916
28.102347086712903
28.102347086712903
28.019847618014698
28.019847618014698
27.91410211219869
27.91410211219869
28.182093469264156
28.182093469264156
27.30536533475168
27.30536533475168
28.354485896768182
28.354485896768182
27.979176269623924
27.979176269623924
27.539874777203966
27.539874777203966
28.429272525148452
28.429272525148452
27.384533119443887
27.384533119443887
