0.0
0.0
0.0
0.0
0.0
0.0
0.0
0.0
0.0
0.0
0.0
0.0
0.0
0.0
0.0
0.0
0.0
0.0
0.0
0.0
0.0
0.0
0.0
0.0
0.0
0.0
0.0
0.0
0.0
0.0
0.0
0.0
0.0
0.0
0.0
0.0
0.0
0.0
0.0
0.0
0.0
0.0
0.0
0.0
0.0
0.0
0.0
0.0
0.0
0.0
0.0
0.0
0.0
0.0
0.0
0.0
0.0
0.0
0.0
0.0
0.0
0.0
0.0
0.0
0.0
0.0
0.0
0.0
0.0
0.0
0.0
0.0
0.0
0.0
0.0
0.0
0.0
0.0
0.0
0.0
0.0
0.0
0.0
0.0
0.0
0.0
0.0
0.0
0.0
0.0
0.0
0.0
0.0
0.0
0.0
0.0
0.0
0.0
0.0
0.0
0.0
0.0
0.0
0.0
0.0
0.0
0.0
0.0
0.0
0.0
0.0
0.0
0.0
0.0
0.0
0.0
0.0
0.0
0.0
0.0
0.0
0.0
0.0
0.0
0.0
0.0
0.0
0.0
0.0
0.0
0.0
0.0
0.0
0.0
0.0
0.0
0.0
0.0
0.0
0.0
0.0
0.0
0.0
0.0
0.0
0.0
0.0
0.0
0.0
0.0
0.0
0.0
0.0
0.0
0.0
0.0
0.0
0.0
0.0
0.0
29.220936817409594
29.220936817409594
29.186624697778385
29.186624697778385
29.17798348206862
29.17798348206862
29.214619957000128
29.214619957000128
29.18121073102623
29.18121073102623
29.174458990114882
29.174458990114882
29.22834987256656
29.22834987256656
29.165285734576962
29.165285734576962
29.19219207792702
29.19219207792702
29.17896512258298
29.17896512258298
29.17310299170896
29.17310299170896
29.181446572750918
29.181446572750918
29.165316420536087
29.165316420536087
29.165702192387815
29.165702192387815
29.184307084391758
29.184307084391758
29.185017406987964
29.185017406987964
29.212795265547676
29.212795265547676
29.216642502526252
29.216642502526252
29.19118245166888
29.19118245166888
29.17783491056288
29.17783491056288
29.288702928870293
29.288702928870293
29.239766081871345
29.239766081871345
29.26408792156018
29.26408792156018
29.221527819913838
29.221527819913838
29.188761898488192
29.188761898488192
29.211385907606157
29.211385907606157
29.198248670024952
29.198248670024952
29.204183211229797
29.204183211229797
29.20646098323137
29.20646098323137
29.18247173151259
29.18247173151259
29.209045862672777
29.209045862672777
29.16540080725663
29.16540080725663
29.23757870456954
29.23757870456954
29.1882812114026
29.1882812114026
29.17653885208646
29.17653885208646
29.195933859779245
29.195933859779245
29.213953245123164
29.213953245123164
29.21068171379831
29.21068171379831
29.232643118148598
29.232643118148598
29.220017822803808
29.220017822803808
29.211875521640636
29.211875521640636
29.165331257726297
29.165331257726297
29.1653457723835
29.1653457723835
29.183972153000276
29.183972153000276
29.222533274397133
29.222533274397133
29.201018198396717
29.201018198396717
29.207232267037554
29.207232267037554
29.182202336564757
29.182202336564757
29.22980238810139
29.22980238810139
29.205238684356473
29.205238684356473
29.212237286427094
29.212237286427094
29.176654762487157
29.176654762487157
29.19721324165566
29.19721324165566
29.18753876246362
29.18753876246362
29.18275063416786
29.18275063416786
29.21942395992765
29.21942395992765
29.1858766931073
29.1858766931073
29.182202336564757
29.182202336564757
29.185588858613382
29.185588858613382
29.180804653417354
29.180804653417354
29.17653885208646
29.17653885208646
29.190253507260643
29.190253507260643
29.21102921102921
29.21102921102921
29.164571510667336
29.164571510667336
29.21364050136545
29.21364050136545
29.238655781279665
29.238655781279665
29.306735623691665
29.306735623691665
29.331184528605963
29.331184528605963
29.331184528605963
29.331184528605963
29.28552023906547
29.28552023906547
29.165001997602875
29.165001997602875
29.217119580380558
29.217119580380558
29.187302485731802
29.187302485731802
29.1888062345023
29.1888062345023
29.267858731429584
29.267858731429584
29.186994333505044
29.186994333505044
29.19118245166888
29.19118245166888
29.175332116633417
29.175332116633417
29.19118245166888
29.19118245166888
29.234532545790827
29.234532545790827
